0.838935
0.855034
0.867293
0.846929
0.843658
0.885089
0.825372
0.854718
0.864249
0.871918
0.848775
0.842221
0.841062
0.826235
0.847675
0.873552
0.833462
0.856059
0.857687
0.870877
0.872093
0.868584
0.847516
0.842572
0.849112
0.822072
0.837512
0.850775
0.846220
0.867235
0.847363
0.868706
0.856238
0.851999
0.840266
0.851551
0.856285
0.845711
0.874746
0.839846
0.835451
0.850780
0.846485
0.841473
0.847273
0.844426
0.853658
0.858851
0.862608
0.858344
0.832369
0.842212
0.849195
0.872780
0.842805
0.831241
0.849688
0.881734
0.849945
0.820184
0.842132
0.816948
0.846235
0.866336
0.824493
0.866621
0.869824
0.826601
0.821432
0.842270
0.877426
0.841795
0.839102
0.850946
0.847096
0.840763
0.851479
0.851804
0.865737
0.837722
0.858842
0.837447
0.849245
0.842753
0.836126
0.823466
0.830269
0.868902
0.870777
0.847471
0.850482
0.843726
0.820218
0.849903
0.854709
0.867588
0.855543
0.843242
0.861705
0.858538
