2.446988
2.440255
2.437542
2.438231
3.004090
3.511422
2.587203
2.920488
2.437455
2.438306
2.823356
2.710703
3.568699
3.172640
3.186294
2.438260
3.463900
3.479954
3.463998
3.477989
3.463056
3.480003
3.463067
3.478988
3.462066
3.481773
2.813450
3.437603
3.447844
3.461858
2.839171
3.295831
2.772961
2.517803
2.793813
2.474201
2.673907
2.472353
2.440377
3.011890
2.438128
2.437774
3.336373
2.663921
2.618335
2.778370
2.875840
2.438301
2.439133
2.480800
3.456623
3.466307
3.309234
2.528964
2.437776
2.438400
2.437730
2.438362
2.437718
2.438403
2.437755
2.438329
2.437751
2.438350
2.437721
2.440287
2.437711
2.442000
2.437885
2.442038
2.437710
2.441987
2.437759
2.441972
2.437752
2.442023
2.437744
2.441999
2.437755
2.441945
2.437749
2.441973
2.437737
2.441937
2.437725
2.441967
2.437977
2.441955
2.437723
2.441949
2.437845
2.442030
2.437738
2.441920
2.437800
2.441948
2.437725
2.441890
2.437762
2.441924
