1.508661
1.518910
1.521809
1.512680
1.531755
1.520810
1.525908
1.519469
1.516904
1.517133
1.516893
1.515299
1.529876
1.515683
1.527076
1.519183
1.522349
1.517383
1.516421
1.512465
1.519054
1.526668
1.515421
1.510575
1.520893
1.510188
1.524426
1.508637
1.519387
1.513658
1.510473
1.512086
1.525281
1.511492
1.530947
1.513969
1.527836
1.519810
1.516784
1.514934
1.519233
1.513597
1.508600
1.524749
1.515050
1.524255
1.528422
1.521303
1.516437
1.518686
1.521494
1.504557
1.516189
1.512587
1.510966
1.505379
1.514564
1.513975
1.523412
1.506710
1.527025
1.526552
1.523786
1.515399
1.510732
1.519212
1.523513
1.510333
1.514486
1.514589
1.521833
1.513483
1.515009
1.516467
1.522281
1.512500
1.532377
1.514254
1.522626
1.522354
1.525633
1.515378
1.515130
1.514457
1.530638
1.521562
1.521232
1.513362
1.528058
1.514791
1.509185
1.498284
1.507465
1.498981
1.525138
1.505388
1.511495
1.518095
1.527220
1.518369
