0.766916
0.796135
0.795174
0.774981
0.775159
0.775734
0.793229
0.760307
0.774038
0.774552
0.771815
0.741898
0.756781
0.777126
0.779961
0.781576
0.768685
0.784002
0.770511
0.806410
0.804667
0.788472
0.810078
0.797517
0.775424
0.787313
0.770899
0.775059
0.768034
0.782452
0.779667
0.785295
0.784385
0.771562
0.785582
0.763010
0.783146
0.768932
0.781472
0.772240
0.783553
0.791413
0.775696
0.790075
0.772477
0.788935
0.793020
0.792663
0.775581
0.794736
0.781929
0.769045
0.763228
0.754368
0.779036
0.775641
0.774358
0.793240
0.773314
0.793942
0.775354
0.783993
0.775800
0.797849
0.776882
0.793803
0.776452
0.772024
0.773098
0.743568
0.802919
0.796030
0.786963
0.804743
0.762566
0.750867
0.763804
0.754633
0.768320
0.776696
0.784046
0.793419
0.780532
0.757538
0.787626
0.756196
0.779855
0.799617
0.745943
0.784773
0.763744
0.779724
0.804813
0.782801
0.765233
0.796425
0.774759
0.760742
0.796952
0.774920
