0.875599
0.887999
0.855025
0.890659
0.850206
0.892860
0.862781
0.881869
0.865866
0.836586
0.897868
0.855484
0.891794
0.906901
0.843770
0.885833
0.882553
0.883822
0.883279
0.872845
0.870780
0.851309
0.858898
0.837317
0.873307
0.856795
0.873494
0.902094
0.902105
0.888967
0.887143
0.901435
0.878120
0.880573
0.876090
0.872356
0.868641
0.894227
0.853400
0.883691
0.888710
0.889306
0.879551
0.889226
0.885975
0.902761
0.881364
0.892011
0.875338
0.884450
0.877755
0.861380
0.875591
0.887307
0.878396
0.899184
0.859852
0.864528
0.876316
0.866980
0.888798
0.892461
0.862516
0.888655
0.871154
0.893360
0.865938
0.903636
0.871967
0.883237
0.860427
0.884905
0.857425
0.888804
0.892325
0.902944
0.882391
0.863054
0.883654
0.876875
0.878716
0.889517
0.895482
0.871230
0.860135
0.893901
0.854979
0.902319
0.870801
0.853341
0.888605
0.879821
0.861970
0.876961
0.876270
0.899724
0.862544
0.877821
0.895024
0.893596
