1.394605
1.381082
1.432818
1.429240
1.421548
1.410911
1.415673
1.424695
1.426414
1.442307
1.419724
1.410092
1.436399
1.431049
1.429849
1.424301
1.411023
1.423713
1.422892
1.440062
1.420717
1.436537
1.426408
1.427039
1.438217
1.416159
1.413639
1.426789
1.426553
1.445216
1.429756
1.436634
1.414067
1.431470
1.427876
1.425280
1.424788
1.434659
1.398386
1.443342
1.395683
1.409897
1.443887
1.403408
1.414612
1.435112
1.427114
1.419287
1.432396
1.407974
1.425448
1.418825
1.435557
1.426145
1.423875
1.418310
1.405261
1.423249
1.427175
1.429792
1.429183
1.431513
1.429044
1.435654
1.426704
1.423971
1.422701
1.420608
1.421784
1.431228
1.425782
1.425882
1.432216
1.428359
1.411897
1.422229
1.439694
1.404817
1.427067
1.419554
1.435382
1.426540
1.418439
1.436655
1.428029
1.431808
1.424903
1.443116
1.419433
1.435933
1.437171
1.437772
1.434257
1.428623
1.422063
1.433044
1.409837
1.433390
1.441130
1.440912
