0.880367
0.870606
0.894998
0.873862
0.903296
0.902246
0.895801
0.900201
0.903302
0.894040
0.900076
0.882848
0.905282
0.921452
0.903413
0.891846
0.906104
0.901807
0.881916
0.905567
0.903381
0.893515
0.891749
0.879359
0.892781
0.902700
0.904017
0.901999
0.895954
0.910688
0.901647
0.899777
0.903361
0.900814
0.888231
0.896547
0.887491
0.888500
0.898936
0.913061
0.910689
0.913035
0.909999
0.918389
0.874556
0.907949
0.903061
0.900588
0.901485
0.903154
0.891648
0.903843
0.897082
0.908647
0.893143
0.906388
0.905095
0.899643
0.906157
0.883018
0.892310
0.892929
0.907512
0.899240
0.901855
0.895023
0.907773
0.862946
0.908382
0.901176
0.899023
0.913103
0.906273
0.900739
0.907876
0.902941
0.893003
0.888293
0.903157
0.903723
0.899431
0.905113
0.907704
0.911303
0.890496
0.899216
0.913132
0.900846
0.906040
0.906055
0.898973
0.898791
0.906728
0.899811
0.902648
0.898034
0.879251
0.878302
0.910265
0.895869
