1.278751
1.324926
1.327884
1.369468
1.327097
1.212402
1.337843
1.324307
1.300708
1.314399
1.318437
1.326729
1.306315
1.302869
1.328334
1.334157
1.317997
1.333280
1.319783
1.306205
1.310517
1.303732
1.311198
1.336390
1.315885
1.329854
1.303472
1.322781
1.330170
1.326991
1.330421
1.321802
1.307894
1.326012
1.333451
1.333948
1.321678
1.311037
1.339671
1.322820
1.322804
1.335614
1.324657
1.317678
1.337053
1.328482
1.309261
1.326027
1.313710
1.319164
1.320263
1.317115
1.305442
1.299403
1.299621
1.303827
1.281837
1.288743
1.321738
1.326082
1.297102
1.337011
1.325446
1.331477
1.319667
1.315575
1.303441
1.313344
1.319600
1.315772
1.328753
1.302126
1.315551
1.325075
1.349319
1.304008
1.319056
1.309030
1.323894
1.320731
1.301754
1.339260
1.329687
1.325889
1.311108
1.311445
1.318540
1.311322
1.329569
1.328513
1.308863
1.326988
1.321992
1.326267
1.330089
1.311031
1.347483
1.317188
1.341634
1.316602
