0.877797
0.961206
0.882235
0.880982
0.862764
0.912914
0.870160
0.877698
0.889262
0.867691
0.859774
0.909018
0.910707
0.892819
0.852169
0.945679
0.900631
0.867599
0.892745
0.858040
0.864516
0.899600
0.866797
0.877089
0.843784
0.870060
0.870608
0.902765
0.897530
0.888977
0.858728
0.883143
0.879201
0.882112
0.909380
0.896218
0.854883
0.876542
0.905130
0.878084
0.865825
0.888641
0.883777
0.887720
0.874758
0.884758
0.855953
0.880408
0.856454
0.874366
0.852708
0.881184
0.877373
0.901574
0.848792
0.887250
0.839646
0.892520
0.869629
0.865559
0.839494
0.890410
0.856433
0.886704
0.882570
0.960118
0.897697
0.895731
0.840700
0.880351
0.836847
0.884473
0.899160
0.900295
0.909577
0.928770
0.897347
0.863192
0.867009
0.881460
0.845822
0.864911
0.865063
0.873209
0.908151
0.881153
0.860403
0.879909
0.861592
0.923555
0.900852
0.968810
0.919506
0.873278
0.871551
0.882065
0.848794
0.902784
0.918091
0.909921
