0.002678
0.001715
0.001702
0.001709
0.001702
0.001703
0.001694
0.001709
0.001698
0.001705
0.001701
0.001701
0.001694
0.001707
0.001700
0.001714
0.001702
0.001704
0.001700
0.001702
0.001696
0.001701
0.001699
0.001702
0.001698
0.001708
0.001699
0.001710
0.001701
0.001704
0.001697
0.001704
0.001696
0.001704
0.001694
0.001707
0.001703
0.001708
0.001703
0.001708
0.001695
0.001705
0.001699
0.001704
0.001696
0.001711
0.001702
0.001705
0.001702
0.001706
0.001698
0.001707
0.001698
0.001700
0.001696
0.001706
0.001697
0.001708
0.001701
0.001707
0.001699
0.001701
0.001699
0.001701
0.001693
0.001708
0.001696
0.001702
0.001697
0.001708
0.001701
0.001712
0.001701
0.001703
0.001701
0.001714
0.001702
0.001707
0.001696
0.001708
0.001699
0.001707
0.001701
0.001709
0.001696
0.001705
0.001700
0.001705
0.001694
0.001706
0.001709
0.001714
0.001705
0.001719
0.001703
0.001704
0.001696
0.001708
0.001701
0.001711
