0.687927
0.669116
0.663282
0.654088
0.648709
0.682989
0.666372
0.641643
0.661983
0.647263
0.661354
0.663673
0.656538
0.667762
0.655283
0.669982
0.649390
0.626478
0.635695
0.659406
0.653455
0.681340
0.678062
0.651741
0.676669
0.639070
0.649348
0.632078
0.630547
0.648200
0.644488
0.631179
0.652846
0.678201
0.643711
0.640179
0.635237
0.642055
0.631073
0.657042
0.651417
0.631869
0.636472
0.647442
0.651998
0.621855
0.626816
0.653916
0.677391
0.675365
0.634218
0.647509
0.643986
0.621653
0.618949
0.645518
0.646062
0.627487
0.671354
0.663297
0.672978
0.669219
0.651927
0.661390
0.652147
0.631626
0.623209
0.631021
0.657071
0.666622
0.675892
0.658305
0.623336
0.625440
0.673840
0.659152
0.626785
0.629409
0.653067
0.633649
0.624629
0.650019
0.637398
0.646041
0.650268
0.647455
0.632412
0.656295
0.674297
0.648841
0.652008
0.667076
0.669566
0.693474
0.668289
0.678441
0.670618
0.657603
0.667121
0.695351
