0.025787
0.026671
0.026606
0.026959
0.027331
0.026713
0.026719
0.026642
0.026652
0.026601
0.026651
0.026590
0.026682
0.026676
0.026679
0.026715
0.026643
0.026611
0.026996
0.026661
0.026690
0.026600
0.026611
0.026658
0.027184
0.027087
0.026711
0.026665
0.026556
0.026681
0.026736
0.026686
0.026997
0.026590
0.026680
0.026682
0.026658
0.026683
0.026630
0.026621
0.026785
0.026767
0.026629
0.026687
0.027351
0.027196
0.026685
0.026707
0.026609
0.026684
0.026577
0.026701
0.026595
0.026692
0.026771
0.026716
0.026663
0.027479
0.026712
0.026717
0.026859
0.026614
0.027331
0.026636
0.026682
0.026696
0.026696
0.026639
0.026561
0.026676
0.026792
0.026562
0.026691
0.026641
0.026717
0.026606
0.027304
0.026633
0.026694
0.026735
0.026699
0.026693
0.026673
0.026667
0.026614
0.026683
0.026642
0.026719
0.026615
0.026642
0.026680
0.027083
0.026661
0.026604
0.026643
0.026695
0.026631
0.026612
0.026558
0.026864
