0.300436
0.295272
0.293808
0.295179
0.293989
0.295669
0.293790
0.295541
0.293394
0.295261
0.293575
0.294967
0.293340
0.295215
0.293484
0.295200
0.300236
0.295117
0.293512
0.295126
0.293493
0.404860
0.403224
0.402747
0.404634
0.406092
0.405969
0.405894
0.406199
0.296140
0.293551
0.297570
0.293515
0.295385
0.401332
0.401866
0.403809
0.404593
0.403283
0.390560
0.293683
0.295717
0.293877
0.401122
0.400668
0.401038
0.337153
0.295484
0.337880
0.295301
0.304562
0.307552
0.396236
0.392424
0.293680
0.332487
0.564865
0.428308
0.400050
0.399789
0.399289
0.399469
0.399222
0.400338
0.399218
0.399758
0.398566
0.400681
0.398677
0.399679
0.395462
0.396949
0.396035
0.400794
0.399847
0.400913
0.400058
0.400300
0.400222
0.399678
0.399899
0.399374
0.400218
0.399745
0.400116
0.401698
0.399436
0.397963
0.396515
0.396186
0.397145
0.397559
0.402888
0.399239
0.400155
0.398859
0.399711
0.399663
0.399548
0.402770
