0.239130
0.232970
0.233349
0.233081
0.233960
0.231837
0.230528
0.233451
0.233863
0.233370
0.233591
0.233639
0.234002
0.233841
0.233646
0.233746
0.233535
0.233589
0.233695
0.233218
0.233939
0.233412
0.233649
0.233815
0.233925
0.233543
0.237131
0.243501
0.243814
0.244055
0.244057
0.243705
0.244047
0.240503
0.238666
0.243784
0.244268
0.244072
0.243929
0.243432
0.244286
0.243357
0.244157
0.243859
0.243804
0.243637
0.242722
0.244116
0.230999
0.221583
0.222618
0.222151
0.222406
0.222140
0.227985
0.229968
0.229607
0.226535
0.227134
0.226126
0.227249
0.226650
0.226295
0.230318
0.231351
0.230651
0.231572
0.230856
0.230980
0.230522
0.237214
0.235293
0.235352
0.235756
0.235778
0.236131
0.236856
0.243182
0.240877
0.242814
0.242267
0.243396
0.243130
0.242954
0.241340
0.242764
0.243190
0.242305
0.235780
0.236239
0.235671
0.235439
0.248106
0.244216
0.245795
0.239701
0.241719
0.245196
0.242584
0.245149
