0.004908
0.007041
0.006768
0.006801
0.006898
0.006658
0.006803
0.006790
0.006764
0.006844
0.006905
0.006838
0.006872
0.006955
0.006800
0.006824
0.006929
0.006891
0.006812
0.006975
0.006827
0.006838
0.006871
0.006908
0.006827
0.006907
0.006783
0.006828
0.006908
0.006857
0.006853
0.006834
0.006786
0.006965
0.007060
0.006905
0.006849
0.006672
0.006840
0.007111
0.006815
0.006855
0.006959
0.006853
0.006810
0.006910
0.006563
0.006857
0.006774
0.006867
0.006786
0.007003
0.006823
0.006758
0.006791
0.006698
0.006787
0.006872
0.006824
0.006841
0.006879
0.006846
0.006828
0.006914
0.006838
0.006819
0.006795
0.006875
0.006775
0.006781
0.006784
0.006855
0.006755
0.007007
0.006828
0.006701
0.006790
0.006700
0.006786
0.006867
0.006953
0.006871
0.006816
0.006763
0.006708
0.007001
0.006786
0.006866
0.006761
0.006826
0.006832
0.007131
0.006803
0.006703
0.006776
0.006898
0.006850
0.006861
0.006779
0.006845
