0.107296
0.104380
0.104446
0.108425
0.104562
0.104626
0.104751
0.104594
0.104686
0.104757
0.104677
0.104695
0.106065
0.106553
0.104450
0.104518
0.108367
0.104656
0.104429
0.104924
0.104771
0.105394
0.104593
0.109198
0.104834
0.105581
0.104565
0.106647
0.104632
0.105133
0.104753
0.106251
0.104600
0.104730
0.104548
0.104842
0.104734
0.104781
0.104475
0.104608
0.104570
0.104744
0.105848
0.104800
0.104535
0.104728
0.104730
0.104642
0.106631
0.107333
0.104497
0.104674
0.104643
0.104870
0.104414
0.104808
0.107561
0.104527
0.104693
0.104925
0.106064
0.104847
0.104559
0.104757
0.104544
0.104673
0.104636
0.104504
0.105511
0.104954
0.104600
0.104784
0.104540
0.105423
0.104774
0.106235
0.106767
0.105054
0.104954
0.105246
0.105039
0.105010
0.106451
0.105160
0.104786
0.105139
0.105046
0.104991
0.104909
0.106003
0.104895
0.105175
0.108743
0.108249
0.106052
0.105365
0.105556
0.106603
0.105688
0.105904
