0.399880
0.404045
0.406237
0.405521
0.405494
0.397246
0.396795
0.389179
0.391645
0.396293
0.396035
0.396760
0.397212
0.397231
0.399392
0.399293
0.405707
0.408984
0.409240
0.407913
0.391009
0.389983
0.389877
0.390550
0.390254
0.390741
0.398366
0.411078
0.410786
0.410477
0.410690
0.410324
0.410796
0.410280
0.408857
0.410512
0.410153
0.410453
0.409840
0.410323
0.410166
0.407917
0.410496
0.410136
0.411453
0.411276
0.411233
0.410182
0.407020
0.413021
0.412782
0.413599
0.415298
0.417589
0.412947
0.413630
0.412788
0.414195
0.413639
0.413892
0.414083
0.413260
0.413650
0.412592
0.414191
0.414380
0.413394
0.414000
0.413584
0.414056
0.412037
0.413944
0.413500
0.413657
0.414248
0.414178
0.413873
0.410976
0.413346
0.413864
0.413907
0.413776
0.413961
0.414119
0.413970
0.411958
0.413913
0.413937
0.413829
0.413477
0.414052
0.413609
0.412310
0.414131
0.414030
0.414223
0.414414
0.413721
0.413792
0.409833
